	Sample31	Sample283	Sample35	Sample284	Sample11	Sample288	Sample285	Sample287	Sample286	Sample281	Sample68	Sample96	Sample39	Sample62	Sample21	Sample54	Sample6	Sample5	Sample24	Sample23	Sample20	Sample40	Sample91	Sample130	Sample205	Sample111	Sample158	Sample146	Sample154	Sample152	Sample249	Sample109	Sample274	Sample196	Sample135	Sample246	Sample234	Sample144	Sample166	Sample129	Sample141	Sample206	Sample282	Sample37	Sample139	Sample105	Sample104	Sample155	Sample137	Sample18	Sample160	Sample136	Sample101	Sample167	Sample112	Sample108	Sample275	Sample41	Sample176	Sample100	Sample110	Sample73	Sample75	Sample113	Sample184	Sample107	Sample161	Sample133	Sample114	Sample56	Sample38	Sample4	Sample95	Sample169	Sample199	Sample194	Sample193	Sample195	Sample197	Sample179	Sample198	Sample151	Sample106	Sample214	Sample60	Sample55	Sample63	Sample61	Sample122	Sample143	Sample66	Sample19	Sample3	Sample15	Sample8	Sample47	Sample34	Sample28	Sample44	Sample163	Sample226	Sample46	Sample10	Sample132	Sample124	Sample265	Sample250	Sample173	Sample98	Sample278	Sample88	Sample118	Sample171	Sample213	Sample172	Sample202	Sample203	Sample78	Sample242	Sample30	Sample17	Sample22	Sample86	Sample92	Sample180	Sample227	Sample211	Sample115	Sample276	Sample272	Sample117	Sample260	Sample50	Sample1	Sample87	Sample77	Sample207	Sample13	Sample204	Sample9	Sample189	Sample208	Sample14	Sample7	Sample148	Sample200	Sample126	Sample79	Sample157	Sample128	Sample42	Sample120	Sample16	Sample165	Sample170	Sample145	Sample177	Sample277	Sample138	Sample162	Sample142	Sample212	Sample168	Sample256	Sample153	Sample123	Sample134	Sample149	Sample262	Sample183	Sample164	Sample181	Sample174	Sample48	Sample273	Sample222	Sample192	Sample178	Sample125	Sample147	Sample215	Sample233	Sample182	Sample241	Sample159	Sample90	Sample27	Sample49	Sample52	Sample26	Sample43	Sample57	Sample29	Sample32	Sample185	Sample187	Sample70	Sample236	Sample245	Sample89	Sample84	Sample257	Sample25	Sample45	Sample85	Sample103	Sample267	Sample150	Sample238	Sample239	Sample210	Sample131	Sample261	Sample237	Sample127	Sample175	Sample279	Sample102	Sample140	Sample240	Sample116	Sample156	Sample216	Sample221	Sample201	Sample209	Sample99	Sample59	Sample93	Sample268	Sample255	Sample228	Sample251	Sample188	Sample247	Sample218	Sample69	Sample65	Sample263	Sample244	Sample58	Sample36	Sample229	Sample224	Sample243	Sample248	Sample254	Sample253	Sample230	Sample94	Sample51	Sample252	Sample220	Sample223	Sample33	Sample64	Sample81	Sample53	Sample83	Sample76	Sample119	Sample82	Sample186	Sample74	Sample80	Sample121	Sample219	Sample231	Sample259	Sample225	Sample232	Sample67	Sample264	Sample190	Sample280	Sample217	Sample271	Sample258	Sample270	Sample266	Sample269	Sample235	Sample191	Sample97	Sample72	Sample2	Sample12	Sample71
Sample31	216	56	80	60	52	43	60	60	62	53	57	89	83	75	55	60	63	38	82	71	72	65	56	14	10	20	17	18	18	22	10	14	7	51	17	9	6	26	17	16	8	9	53	63	13	11	8	21	14	65	14	29	7	32	20	16	7	42	19	4	20	56	47	18	22	31	10	11	16	59	87	48	76	15	5	26	7	9	10	16	11	24	12	8	64	84	62	59	16	24	65	61	61	70	32	67	56	75	62	15	8	61	50	11	17	4	18	14	21	40	63	20	27	10	17	0	9	31	18	54	47	57	56	54	15	3	12	26	13	5	22	7	31	57	39	36	10	51	11	48	28	5	56	94	17	4	14	33	23	19	41	21	36	17	9	16	12	15	25	17	14	10	21	6	6	17	12	16	4	16	15	25	16	86	4	11	18	10	19	11	10	14	13	8	17	17	65	79	66	65	62	49	56	49	7	19	7	15	11	25	51	5	36	54	41	23	1	21	10	4	8	9	6	14	29	21	7	16	16	6	19	26	6	5	6	3	13	77	60	5	8	4	12	10	10	10	15	46	9	9	72	51	5	5	6	17	8	6	5	68	67	7	3	10	44	31	41	46	64	32	27	73	31	55	12	19	7	8	2	5	7	60	1	5	21	7	14	6	13	4	9	17	2	2	6	3	4	2
Sample283	56	1616	301	890	91	420	639	542	588	452	155	204	189	113	72	79	99	70	102	126	115	129	102	13	20	21	23	18	18	23	14	16	12	76	14	12	4	21	18	15	15	14	513	130	6	9	5	19	21	152	16	31	16	24	18	24	7	56	16	5	20	80	51	18	17	32	11	19	28	87	183	71	141	11	13	55	7	8	8	13	3	15	17	13	80	137	141	137	13	26	145	85	90	164	57	64	123	131	105	14	3	116	82	19	15	9	19	15	22	35	90	18	21	13	16	1	8	35	19	59	52	97	104	96	12	2	13	18	19	19	22	10	76	89	42	41	20	137	9	51	30	17	88	170	16	8	12	31	18	17	53	23	51	16	10	17	20	12	43	16	9	8	20	4	9	13	11	15	2	24	13	25	18	181	6	14	19	12	17	9	7	13	10	10	14	21	126	214	95	108	118	52	129	56	6	21	5	13	5	23	56	5	55	58	61	26	7	20	10	1	9	7	7	19	23	25	6	8	18	14	11	22	6	4	7	4	20	115	69	6	7	3	11	7	18	17	25	116	15	12	81	81	4	11	6	18	5	9	3	89	125	10	0	11	68	35	45	49	81	27	24	119	45	75	13	27	2	5	5	1	6	64	2	1	20	3	13	9	19	3	11	20	2	2	4	3	2	3
Sample35	80	301	1673	426	114	231	375	346	342	241	223	241	274	208	163	157	158	92	199	202	163	186	127	33	21	44	50	40	45	44	19	38	17	154	27	17	19	44	49	50	30	26	296	191	27	22	15	34	57	262	37	43	23	56	46	43	24	92	47	4	33	108	83	44	27	51	19	33	53	176	292	109	198	28	21	62	16	22	20	39	16	49	30	10	143	227	193	195	40	51	252	143	168	240	84	128	195	212	165	31	11	190	155	30	30	5	36	31	44	57	120	39	51	18	44	4	12	55	33	92	87	156	164	119	25	6	34	45	39	9	45	24	107	151	63	62	31	203	16	78	79	29	157	300	32	11	28	46	39	46	119	58	92	26	35	37	62	17	79	44	38	14	48	7	20	30	38	34	7	45	23	56	54	346	13	16	42	32	40	24	19	29	27	14	32	34	210	323	171	172	186	91	180	101	12	49	10	30	13	38	95	8	87	110	94	49	10	47	29	10	11	19	7	24	51	55	22	24	28	13	37	39	10	11	12	7	43	206	112	10	15	14	32	15	30	18	36	171	18	19	155	149	11	10	13	24	6	9	14	159	223	16	7	19	108	70	73	93	139	49	49	173	77	105	18	61	10	14	6	10	14	150	6	7	28	11	24	16	24	6	20	32	3	2	6	4	2	2
Sample284	60	890	426	2364	104	529	845	730	754	559	198	225	234	149	90	100	113	69	116	141	136	145	95	19	26	23	31	23	29	28	14	14	7	112	20	12	11	23	21	24	20	15	679	157	11	12	7	26	27	178	17	29	16	29	18	23	9	67	19	6	23	87	57	21	19	30	9	23	33	114	238	85	156	17	13	73	8	10	10	20	7	24	26	12	96	178	166	164	18	32	180	97	111	209	63	92	145	161	129	13	4	126	105	21	19	12	23	24	28	38	93	26	20	15	22	1	8	33	17	75	62	118	140	98	16	2	13	24	25	24	34	11	94	112	49	41	23	184	14	62	39	21	110	233	23	7	17	34	21	28	62	35	68	28	18	23	22	16	56	22	15	12	26	6	16	20	21	21	1	23	17	34	22	248	6	19	32	18	23	17	9	18	19	10	21	22	143	268	119	141	146	69	160	76	9	33	6	20	6	27	61	4	63	67	66	30	6	30	11	5	7	13	7	22	26	37	6	14	17	11	20	22	9	5	8	8	24	146	75	8	9	5	13	14	21	16	36	126	12	8	99	105	3	18	6	21	7	9	5	95	154	10	3	12	89	51	53	54	92	30	30	127	43	77	10	40	3	8	4	3	7	87	3	4	19	3	21	8	19	2	18	23	2	3	3	3	3	3
Sample11	52	91	114	104	462	79	125	115	108	83	87	124	127	135	83	86	98	70	109	98	80	99	55	13	23	21	15	9	17	18	3	12	9	81	15	12	9	21	18	15	11	25	95	101	9	7	11	12	15	97	14	19	10	25	18	17	7	30	12	2	17	66	52	14	15	20	5	15	24	62	141	93	70	13	15	41	18	15	17	11	15	18	13	14	73	112	88	97	15	20	86	54	108	133	52	65	80	105	82	15	8	79	92	8	13	4	16	16	16	28	73	20	18	11	13	11	16	23	18	64	37	81	70	65	17	4	8	19	17	3	26	8	52	104	28	32	17	115	19	48	31	15	99	161	15	13	15	22	21	14	45	15	51	22	14	13	13	12	33	11	9	5	19	4	9	14	9	18	7	19	12	26	12	144	7	10	21	14	18	17	11	7	15	12	15	17	100	104	76	93	103	36	93	48	1	7	1	7	13	25	46	3	35	60	41	25	5	21	12	9	5	10	6	15	24	18	13	13	14	5	20	24	4	6	9	3	17	127	62	10	6	11	8	2	10	4	18	52	4	7	105	70	10	2	10	11	3	10	14	80	93	11	6	8	54	34	36	50	91	26	26	80	20	58	4	16	8	11	1	9	10	89	2	2	15	8	18	4	13	6	4	8	1	2	5	1	2	3
Sample288	43	420	231	529	79	1463	835	800	749	353	109	162	141	101	36	46	54	29	54	76	67	84	57	15	18	17	22	21	19	28	15	12	9	69	10	11	7	15	18	18	23	12	413	91	9	6	6	16	22	93	12	29	16	19	18	14	11	44	20	8	26	54	34	19	11	27	16	18	30	62	127	45	71	14	9	40	7	7	3	20	1	16	16	16	63	103	112	113	15	23	83	37	56	144	51	54	79	107	83	14	1	98	72	28	14	9	22	13	20	19	50	26	21	16	20	2	4	16	12	49	26	72	94	51	11	4	16	9	21	17	18	12	55	57	23	19	16	144	6	39	16	18	69	140	20	4	12	16	15	21	42	20	31	17	11	18	24	7	36	18	13	12	16	6	12	17	19	11	0	21	15	21	18	150	6	19	21	11	16	9	9	15	6	17	16	15	92	139	59	98	92	38	149	62	7	26	7	14	4	18	32	4	49	38	39	21	6	17	16	3	9	12	3	21	15	19	6	7	18	21	17	15	5	7	3	6	23	107	44	5	6	4	17	10	22	24	30	75	18	17	74	61	4	15	6	22	3	14	3	42	66	15	4	18	63	27	35	30	51	12	30	66	33	44	13	31	4	3	5	3	6	47	3	3	9	5	16	12	11	2	14	22	1	1	2	0	2	2
Sample285	60	639	375	845	125	835	2767	1117	1181	546	179	252	231	163	74	94	110	57	110	133	116	155	99	17	26	24	27	26	25	36	17	18	10	126	19	16	12	21	21	23	27	21	667	144	9	13	9	23	25	153	23	40	22	25	19	24	14	64	20	10	29	92	54	22	20	34	18	25	38	110	227	72	131	16	14	58	8	10	9	20	5	22	24	21	102	183	168	201	14	26	148	69	101	222	78	78	134	172	122	17	5	162	116	25	17	11	28	25	25	33	82	31	26	25	24	3	9	34	23	68	44	128	169	82	16	3	18	21	26	23	27	10	83	98	44	39	28	223	14	49	31	25	124	217	23	10	15	36	20	24	68	29	54	22	14	20	24	13	53	21	10	17	24	9	16	21	19	21	3	25	18	31	18	249	10	24	26	15	25	14	11	15	11	19	26	21	157	225	97	145	144	53	221	83	8	26	7	19	10	30	58	7	61	69	65	30	7	25	14	6	12	15	6	30	23	24	9	12	21	19	27	25	7	7	7	9	33	154	65	8	11	7	16	11	24	22	38	121	18	18	112	99	5	15	11	26	6	16	9	78	115	18	4	18	100	40	50	55	104	26	36	109	51	69	14	36	5	6	6	3	8	77	3	3	15	5	24	11	19	6	20	27	2	1	5	3	4	4
Sample287	60	542	346	730	115	800	1117	2330	983	517	163	234	198	138	69	78	88	44	86	114	103	135	97	16	19	22	29	25	17	30	19	12	11	106	15	12	5	19	16	23	18	16	597	131	8	9	4	20	22	159	18	30	18	25	19	20	13	58	24	6	24	78	47	19	16	29	15	21	30	84	197	57	118	14	10	55	6	10	6	19	2	21	19	15	88	150	144	181	13	26	131	60	79	208	83	70	122	141	109	13	2	134	119	23	16	11	27	19	21	33	80	28	21	19	20	4	8	30	16	66	40	112	150	75	8	2	14	16	23	19	26	11	74	82	42	38	21	208	10	48	29	21	106	209	17	4	9	28	20	25	61	25	51	21	14	22	26	14	41	22	11	11	21	5	13	20	17	15	1	23	15	28	19	228	8	17	20	13	21	12	11	15	13	17	23	22	144	214	89	142	128	42	203	84	6	23	7	17	5	26	58	6	69	61	62	27	8	24	14	2	8	11	5	30	20	26	7	8	22	16	20	19	5	4	5	5	20	148	70	8	8	4	16	12	26	22	37	102	13	15	113	89	4	14	7	20	5	15	4	67	103	14	1	15	91	33	45	46	85	24	35	110	36	68	13	37	4	4	4	1	4	63	2	3	14	4	22	14	16	4	11	22	1	2	3	3	2	2
Sample286	62	588	342	754	108	749	1181	983	2376	484	177	248	229	161	77	92	110	62	115	136	122	150	108	17	24	27	35	24	25	39	17	15	12	109	17	14	9	25	21	25	23	21	592	135	10	14	10	23	27	163	24	42	20	29	25	20	12	59	30	8	39	99	58	22	20	38	18	24	35	110	226	82	147	19	12	65	9	8	11	23	3	22	30	19	102	170	142	181	14	29	141	91	102	216	68	83	136	155	125	14	2	141	109	26	19	11	24	27	33	37	99	34	27	20	21	1	9	32	18	79	53	128	152	97	14	2	17	17	35	26	30	14	82	100	51	48	24	194	15	61	33	17	114	215	23	6	14	37	21	28	67	31	54	24	20	22	26	15	55	24	14	14	28	8	15	23	20	21	3	26	19	32	20	229	11	22	30	16	25	11	12	17	13	19	27	25	156	211	113	145	130	58	186	87	8	29	6	19	8	34	65	5	64	79	72	35	6	31	14	3	9	12	5	25	24	31	11	13	23	20	28	23	7	7	8	7	33	161	82	9	10	5	17	13	24	22	42	120	14	17	117	84	4	13	7	28	7	18	3	91	117	13	2	19	87	49	59	62	101	27	40	113	58	84	15	36	3	6	5	1	5	86	3	3	16	4	25	11	24	5	15	27	2	1	3	4	3	4
Sample281	53	452	241	559	83	353	546	517	484	1547	138	160	229	123	74	84	89	61	110	122	104	177	90	12	23	21	21	12	16	23	9	15	8	86	13	11	3	19	15	16	13	16	827	152	7	3	7	14	19	107	9	26	11	23	17	21	7	51	14	6	22	83	55	18	17	27	9	15	27	95	205	64	115	15	15	52	10	8	7	11	5	11	17	9	74	147	123	144	9	26	103	68	92	154	54	66	107	114	92	10	3	99	82	12	10	8	20	17	20	30	79	20	21	12	10	2	8	34	21	52	33	131	120	78	9	3	10	15	17	25	26	8	73	91	50	38	16	134	9	48	27	14	92	155	16	6	10	29	17	15	50	28	48	18	13	16	17	9	37	16	11	6	24	6	10	10	10	12	0	18	10	25	13	152	4	16	15	13	16	10	9	11	12	11	14	14	117	157	89	101	95	48	133	56	6	23	3	12	5	33	55	7	46	55	51	31	4	22	7	2	5	8	5	19	23	19	10	9	19	10	17	19	6	4	8	7	19	103	63	10	7	5	11	5	19	10	23	88	8	7	79	90	3	10	5	20	5	6	5	68	93	7	1	6	68	34	46	53	76	26	28	86	47	59	12	28	2	4	3	2	7	75	3	3	17	2	14	5	17	2	10	16	3	2	4	3	4	2
Sample68	57	155	223	198	87	109	179	163	177	138	755	145	191	150	107	113	122	69	139	160	121	133	84	10	21	26	23	19	17	21	9	18	10	101	16	4	12	23	23	22	10	16	160	132	7	15	5	21	13	137	15	21	9	23	15	19	8	45	16	1	15	82	66	21	16	26	9	19	28	93	215	84	114	12	10	40	7	14	12	15	12	20	19	7	94	179	118	128	15	24	147	85	111	151	48	72	121	153	103	16	7	87	107	9	14	3	14	20	21	38	82	24	24	6	13	8	12	39	16	67	61	106	139	81	16	6	4	36	7	7	30	4	77	103	48	47	20	132	11	56	38	13	110	174	15	8	13	37	19	16	65	26	61	17	22	15	12	11	36	18	11	4	25	4	12	18	16	20	6	27	10	32	23	233	6	6	21	19	20	14	9	11	24	3	23	28	126	192	131	126	113	55	103	60	7	21	3	7	9	30	72	5	37	84	74	27	6	23	9	8	7	9	6	11	23	33	10	16	17	3	29	27	4	6	4	6	31	132	79	6	10	7	6	6	11	4	38	97	5	7	112	86	7	2	8	6	7	9	7	106	132	8	6	4	71	48	54	73	107	31	28	116	27	73	10	22	7	10	6	5	10	106	3	5	19	8	14	9	13	3	7	12	2	2	4	8	1	3
Sample96	89	204	241	225	124	162	252	234	248	160	145	2199	330	318	207	377	282	233	396	301	265	207	412	27	33	65	48	33	43	79	21	71	21	176	35	17	18	82	50	42	26	30	190	323	21	28	19	50	46	231	53	80	46	94	68	64	16	84	47	6	85	242	222	63	73	214	19	31	53	231	408	212	546	34	22	96	21	21	53	40	42	51	67	19	167	310	256	185	29	69	340	298	317	251	102	215	207	248	176	34	13	222	153	24	29	9	45	32	53	149	320	54	66	16	34	7	22	123	93	143	238	224	252	241	31	6	86	53	36	28	54	21	95	202	166	112	32	162	26	161	145	29	227	350	36	16	30	94	41	41	152	90	118	37	49	41	38	35	97	47	48	13	61	9	21	41	36	39	7	52	35	61	52	276	15	18	60	40	40	24	17	26	40	18	43	48	209	263	200	212	219	201	154	122	19	74	7	30	14	68	192	9	108	132	172	94	10	56	21	7	12	21	6	19	92	47	21	62	34	11	38	64	15	9	29	8	67	233	255	13	23	12	43	20	28	16	28	117	12	19	172	120	8	10	16	27	16	12	12	313	291	18	9	21	129	80	128	198	291	109	94	310	152	230	22	50	10	22	7	8	16	180	6	9	70	11	30	15	39	13	22	33	6	5	9	6	5	3
Sample39	83	189	274	234	127	141	231	198	229	229	191	330	1557	297	288	323	282	194	368	362	254	273	202	32	38	59	41	37	43	51	24	61	22	159	36	20	26	69	44	42	26	29	265	340	21	26	21	45	41	214	50	67	45	83	60	60	20	81	37	3	52	168	136	51	54	98	18	34	58	247	451	197	270	35	26	71	23	26	31	37	32	45	53	18	168	397	220	192	31	71	222	192	284	259	94	149	229	211	177	35	15	199	149	21	31	8	43	34	52	95	208	53	55	14	37	8	26	81	65	130	125	261	205	154	38	7	26	62	33	23	63	16	120	236	112	95	26	164	29	110	132	32	193	295	40	13	37	66	45	36	118	86	110	41	47	39	61	36	84	49	38	14	58	14	22	41	29	38	10	48	38	61	46	303	16	22	54	43	41	32	21	23	42	15	46	44	233	278	206	200	220	126	148	126	16	64	7	30	21	64	133	11	85	137	132	77	12	49	16	13	18	19	10	19	83	45	22	54	44	13	43	68	21	12	26	11	61	241	171	10	21	14	31	20	26	15	30	151	12	17	186	166	11	12	16	28	17	15	21	250	241	16	14	20	124	79	90	181	222	87	63	202	126	165	15	47	15	22	7	13	18	217	7	10	43	15	22	14	28	10	14	32	4	4	7	7	5	2
Sample62	75	113	208	149	135	101	163	138	161	123	150	318	297	1276	198	281	228	157	328	259	197	185	224	17	34	47	35	20	23	47	12	50	15	183	29	15	19	58	34	27	15	24	124	264	15	14	13	36	17	196	33	49	24	68	40	42	14	78	36	4	51	180	159	35	57	141	14	21	39	186	342	170	292	26	18	64	19	23	40	27	40	41	36	16	179	305	204	169	21	52	274	202	234	227	79	206	181	229	181	33	12	184	165	14	22	2	30	27	34	97	237	45	52	16	26	10	23	76	59	129	172	180	184	157	33	8	58	49	28	6	39	8	97	189	103	90	26	156	25	126	108	23	212	310	28	12	27	70	33	32	126	56	97	27	30	25	28	29	47	31	41	12	42	8	19	28	24	19	6	46	28	52	30	287	12	14	32	33	30	26	16	14	35	12	34	42	198	229	164	196	230	170	125	106	10	53	6	17	17	62	128	10	104	145	113	65	7	37	15	8	10	18	6	14	72	42	17	47	34	7	37	51	16	8	31	8	34	255	184	12	15	12	28	13	18	9	28	111	6	11	215	134	10	9	9	18	19	15	15	245	232	10	6	12	109	71	89	169	219	86	63	219	86	148	12	24	11	16	4	7	13	182	5	5	43	10	18	9	24	9	7	32	4	4	7	7	4	1
Sample21	55	72	163	90	83	36	74	69	77	74	107	207	288	198	1252	313	222	151	356	310	229	198	154	18	26	49	29	23	25	38	16	47	18	112	26	15	22	56	33	26	20	21	69	255	23	21	15	32	23	187	54	51	35	62	46	36	13	63	30	4	34	123	95	46	42	71	17	35	56	179	323	195	191	27	17	48	12	27	22	27	17	42	40	14	136	289	132	141	22	56	149	193	239	163	63	105	187	131	118	30	13	148	128	14	20	4	26	28	37	93	154	40	44	13	28	6	20	59	56	100	92	197	133	131	33	6	19	57	18	7	45	8	67	174	89	79	20	90	20	66	108	25	134	207	24	9	24	62	37	23	97	59	82	24	33	28	73	23	59	34	27	13	52	9	22	31	19	30	7	40	29	52	28	230	14	17	36	29	40	26	23	13	28	17	35	32	147	199	158	156	155	80	84	85	10	42	8	25	16	50	120	7	57	110	103	52	7	42	18	14	12	15	11	9	68	35	19	34	35	8	39	53	11	8	22	11	41	179	141	9	20	14	22	15	23	10	22	89	7	11	133	141	9	7	10	19	11	10	18	224	195	10	7	14	107	63	90	161	195	77	58	186	89	135	14	33	15	16	3	8	13	197	4	7	32	11	18	9	29	6	7	28	2	5	6	7	3	1
Sample54	60	79	157	100	86	46	94	78	92	84	113	377	323	281	313	1844	294	196	474	368	253	215	328	25	28	57	41	35	39	54	17	69	17	137	42	17	25	82	47	31	28	27	88	348	20	27	20	48	32	187	50	77	41	91	60	61	16	65	41	5	70	164	159	54	112	219	20	36	47	231	377	226	349	34	18	60	15	21	42	44	37	46	45	19	174	352	202	154	30	69	330	283	339	193	87	154	200	182	150	35	15	199	127	25	38	8	37	33	54	111	212	58	65	17	38	11	20	82	100	108	192	265	198	160	33	12	86	58	25	6	50	9	76	205	137	89	24	99	26	103	170	25	164	233	42	10	36	77	37	43	136	81	79	32	47	35	111	31	64	45	79	15	60	11	22	39	28	38	6	51	38	60	44	214	12	14	53	43	36	35	13	24	46	17	46	45	186	221	166	161	186	166	95	108	15	85	12	30	17	65	171	10	93	122	136	88	15	51	16	10	13	21	8	11	100	49	16	78	43	8	42	68	20	10	39	18	51	177	179	10	17	14	44	25	20	15	27	100	11	14	141	153	9	10	13	22	28	14	16	295	244	14	11	18	106	68	100	213	241	91	98	206	145	146	17	31	13	24	7	8	18	217	5	9	52	14	15	11	28	13	15	39	4	4	6	6	5	1
Sample6	63	99	158	113	98	54	110	88	110	89	122	282	282	228	222	294	939	234	353	304	214	221	203	24	38	55	42	30	33	47	13	54	21	127	34	18	21	60	41	33	26	29	109	287	19	21	22	37	33	163	41	58	34	75	41	55	14	62	36	3	49	142	143	40	57	89	17	37	50	192	336	258	253	27	18	80	26	27	40	34	37	44	40	18	140	319	179	143	26	58	183	201	294	208	80	123	177	170	130	37	18	146	135	17	28	8	31	31	48	84	183	53	52	16	29	17	24	73	61	112	140	206	153	150	40	11	31	51	24	13	51	10	70	212	104	86	32	121	27	117	124	26	179	261	35	17	32	79	37	33	104	60	101	33	40	30	27	29	62	38	40	14	55	12	18	34	27	33	8	44	30	60	40	198	14	19	42	39	37	26	12	17	41	19	44	30	167	179	145	161	159	127	94	91	13	45	2	13	16	59	152	8	70	120	117	61	13	49	16	12	15	21	9	10	80	42	20	47	42	8	39	61	19	8	32	12	42	171	165	17	19	16	25	15	18	12	18	92	6	12	134	122	13	9	15	22	18	11	21	217	197	12	10	15	80	66	101	165	200	73	62	191	98	159	10	29	10	25	7	10	19	159	6	7	39	15	21	9	24	12	9	22	4	4	4	7	5	3
Sample5	38	70	92	69	70	29	57	44	62	61	69	233	194	157	151	196	234	779	267	211	153	148	153	11	26	34	20	14	20	27	7	42	12	101	16	10	9	39	24	19	11	21	69	197	3	11	17	16	16	106	18	38	25	49	23	25	5	41	21	1	20	119	125	23	30	52	7	19	30	154	234	255	211	12	13	61	20	21	23	15	23	22	30	13	78	226	126	86	12	37	109	161	257	168	62	84	114	111	91	16	7	86	95	10	17	4	15	18	35	80	162	26	34	7	13	17	21	63	40	80	99	150	110	123	24	5	11	31	10	6	32	5	47	172	95	65	22	75	24	72	91	18	129	176	12	18	18	59	20	18	61	35	73	16	22	15	9	15	38	21	14	7	34	6	9	19	14	22	2	27	20	36	21	131	6	11	25	24	19	16	5	7	24	12	24	26	126	125	106	93	120	82	44	58	6	19	1	11	10	42	131	3	39	85	88	30	6	27	8	4	7	13	3	5	57	25	15	23	21	1	27	43	11	2	18	4	31	121	130	11	12	5	6	7	7	3	11	77	2	5	80	79	5	2	4	9	6	4	14	175	137	5	1	6	59	46	84	127	149	62	29	141	75	120	9	17	3	10	1	5	9	106	2	5	30	7	10	3	14	3	4	11	4	3	4	4	3	2
Sample24	82	102	199	116	109	54	110	86	115	110	139	396	368	328	356	474	353	267	2399	479	306	311	294	35	35	69	43	40	55	58	23	60	25	171	49	28	32	123	56	47	36	27	104	373	32	36	19	57	53	206	54	95	34	131	61	71	20	83	51	3	71	225	192	53	86	166	51	40	58	306	472	335	371	53	21	82	25	24	52	46	45	56	61	23	174	433	201	150	36	128	290	300	361	223	92	224	217	226	188	37	17	227	164	26	43	8	37	42	65	141	293	60	83	21	41	10	22	87	96	131	201	268	192	187	54	14	82	68	29	53	64	13	70	249	147	105	21	106	32	187	217	27	210	280	42	15	37	98	46	40	159	93	165	33	50	41	79	32	118	60	63	17	65	13	38	43	31	45	8	68	40	74	54	301	11	18	51	45	45	35	20	25	47	17	47	46	212	255	203	212	235	293	106	129	20	83	11	31	19	78	201	9	112	158	149	101	13	61	25	11	14	24	9	16	149	59	21	73	47	11	50	78	21	11	29	18	78	221	222	16	22	17	35	25	26	18	23	97	15	19	208	167	13	13	11	27	30	15	18	312	282	14	8	19	142	69	127	292	316	98	82	285	219	202	19	46	14	24	7	8	26	251	5	10	47	14	23	16	28	12	19	39	5	5	7	7	5	2
Sample23	71	126	202	141	98	76	133	114	136	122	160	301	362	259	310	368	304	211	479	1736	277	280	212	24	35	55	45	25	37	43	22	58	15	129	36	14	25	67	39	35	24	31	136	349	22	29	15	42	30	190	42	54	34	69	40	53	11	78	41	6	61	157	131	42	64	101	14	27	45	203	446	263	270	30	19	77	15	22	31	33	28	34	50	16	160	434	195	146	29	57	194	233	293	215	70	125	216	194	152	40	12	185	130	17	26	5	34	25	52	97	229	48	50	11	27	9	16	76	63	111	125	265	176	174	35	8	22	52	28	16	54	7	86	221	119	87	22	116	23	93	107	34	162	267	38	11	29	93	31	27	112	76	86	29	45	29	51	28	69	46	46	9	54	10	25	32	24	29	7	50	29	52	42	304	10	15	47	37	33	34	11	22	50	16	40	53	215	220	171	178	190	101	98	117	14	48	2	21	13	61	169	10	65	154	133	86	11	47	14	8	11	16	10	12	79	45	21	59	36	7	41	56	16	7	27	9	57	210	177	11	16	12	33	17	23	11	19	102	11	12	172	210	9	9	13	21	23	16	19	290	211	10	13	15	131	69	100	204	260	86	73	238	98	176	14	36	15	21	10	11	15	239	6	10	37	11	18	12	27	9	9	26	3	3	6	7	4	2
Sample20	72	115	163	136	80	67	116	103	122	104	121	265	254	197	229	253	214	153	306	277	996	183	191	21	25	50	39	31	40	44	18	41	16	114	31	17	27	64	39	31	22	25	113	255	16	21	15	40	31	163	39	57	32	76	48	48	10	86	34	3	55	140	128	43	61	93	17	32	45	178	328	163	251	26	16	67	19	21	29	29	22	41	43	19	132	283	170	134	26	60	172	222	222	174	71	110	167	159	125	32	13	152	104	16	23	5	28	28	46	91	200	45	55	15	31	5	20	87	66	109	133	203	177	169	36	9	25	51	24	11	48	10	73	157	119	83	27	102	27	87	126	26	140	218	35	11	32	74	36	28	107	69	92	33	41	28	29	31	63	34	35	11	47	9	24	33	22	33	6	40	27	51	40	207	11	18	42	37	31	27	13	22	40	14	39	44	162	194	154	153	154	97	84	90	15	51	5	21	16	59	148	8	65	115	134	69	8	47	15	10	12	19	9	11	84	41	17	53	40	5	39	53	16	9	26	11	50	177	162	13	16	12	27	20	24	10	23	98	8	17	132	126	9	10	10	17	29	9	16	236	195	10	9	16	99	66	103	175	191	70	70	215	102	151	12	40	10	21	6	10	16	151	6	8	45	12	19	10	28	10	13	27	2	3	7	6	6	2
Sample40	65	129	186	145	99	84	155	135	150	177	133	207	273	185	198	215	221	148	311	280	183	925	151	17	32	46	32	23	31	43	16	43	16	116	27	13	21	64	36	27	21	34	181	218	19	20	16	26	31	150	39	53	27	68	35	46	13	64	38	4	36	127	102	40	39	60	18	28	39	166	316	172	185	27	24	66	20	20	30	29	23	35	38	18	127	262	141	145	24	59	140	169	209	182	67	102	157	158	127	33	14	132	114	14	22	6	33	23	42	67	154	39	49	15	24	10	28	63	50	103	98	214	136	136	36	8	21	53	20	22	48	9	82	179	93	83	26	113	28	99	97	26	124	220	28	16	28	72	35	27	93	58	83	35	34	33	30	24	63	35	19	12	44	10	20	29	23	28	8	46	32	48	29	199	10	17	37	35	34	23	17	15	35	16	34	45	155	187	158	139	155	100	98	90	9	26	3	19	16	55	111	7	58	106	100	59	9	42	15	12	13	18	10	13	73	32	20	34	40	6	36	54	14	9	20	9	40	169	143	12	16	19	16	13	19	11	20	91	7	12	141	118	11	9	12	20	15	13	20	179	171	9	11	13	94	63	84	152	172	65	52	171	88	132	9	29	11	16	8	10	14	155	6	7	35	12	15	8	25	11	6	20	2	2	7	5	5	2
Sample91	56	102	127	95	55	57	99	97	108	90	84	412	202	224	154	328	203	153	294	212	191	151	2314	28	35	61	38	29	40	52	18	81	21	153	36	17	25	113	46	36	26	23	90	232	21	26	24	50	40	137	51	86	43	125	73	63	10	63	51	6	130	300	260	56	121	320	17	28	51	186	270	145	548	28	23	75	22	27	68	36	48	53	67	22	112	196	174	113	30	83	277	251	185	147	74	167	148	167	170	35	16	173	112	21	32	8	41	30	44	121	470	56	81	19	36	8	26	258	130	99	253	184	322	307	39	10	112	67	34	22	55	8	54	131	368	202	21	86	31	130	198	27	164	205	38	14	36	173	36	38	156	82	90	33	54	33	49	39	80	53	115	11	71	10	26	40	30	32	8	53	34	58	50	185	16	22	48	38	38	34	18	21	42	20	45	190	150	177	135	141	209	259	73	78	12	87	4	22	19	98	300	11	102	95	208	90	16	58	19	12	17	23	7	16	129	43	27	126	40	8	43	82	16	8	30	15	60	137	360	16	21	14	61	13	20	11	14	118	7	14	119	83	13	10	15	22	59	14	17	469	186	15	11	19	92	62	227	177	435	226	130	482	213	285	20	32	11	26	7	11	17	124	6	8	64	15	21	8	34	14	15	24	3	4	5	5	5	3
Sample130	14	13	33	19	13	15	17	16	17	12	10	27	32	17	18	25	24	11	35	24	21	17	28	102	17	40	43	42	49	41	20	34	21	39	36	16	34	38	49	43	39	11	16	23	40	28	31	46	42	21	40	31	34	43	43	35	24	22	39	4	28	24	15	32	33	39	26	42	44	37	30	24	31	32	18	20	16	23	20	43	12	43	33	17	21	32	24	20	45	44	24	22	24	26	27	28	28	19	26	31	7	26	24	35	39	10	27	31	42	16	27	38	36	15	41	7	12	13	20	10	18	26	33	25	28	12	23	44	25	3	39	18	15	26	25	19	13	17	12	13	30	18	25	25	40	10	38	12	38	46	31	43	18	29	32	34	32	18	53	48	40	15	33	10	24	40	33	44	9	36	32	47	44	25	11	14	31	39	40	35	17	34	32	17	35	14	17	33	30	22	27	28	13	29	9	29	7	16	17	10	20	7	19	21	21	41	19	47	24	14	11	26	7	22	33	46	19	31	21	19	33	33	14	11	9	13	39	21	28	13	16	18	22	21	21	20	7	11	15	18	27	14	15	11	17	23	6	11	12	36	32	22	14	23	19	21	23	20	21	12	38	21	26	21	11	33	11	19	8	9	18	20	6	4	16	12	15	14	5	11	20	13	2	1	1	1	1	2
Sample205	10	20	21	26	23	18	26	19	24	23	21	33	38	34	26	28	38	26	35	35	25	32	35	17	262	33	25	22	28	33	14	36	20	59	25	17	19	30	27	30	27	47	24	33	24	16	25	23	18	30	34	21	24	28	20	30	12	16	27	1	22	34	17	15	27	23	22	27	28	42	47	39	32	24	41	62	34	38	26	26	31	27	32	17	28	37	26	27	24	33	23	31	45	44	43	28	39	27	32	26	15	27	39	16	24	7	18	24	31	21	46	28	26	13	24	43	28	13	18	22	22	35	28	27	23	10	13	26	16	10	26	6	24	50	22	23	44	36	39	24	40	57	33	42	19	32	20	21	26	30	28	33	29	37	23	23	23	14	32	20	19	10	31	11	21	29	13	27	9	30	20	42	29	40	13	15	29	27	28	21	10	11	26	16	21	14	28	32	31	33	28	28	18	31	4	14	3	6	17	15	24	6	21	30	26	29	13	35	17	14	9	20	8	12	29	24	14	22	18	9	19	24	14	9	25	8	23	30	31	11	13	14	12	8	15	6	2	14	10	10	35	26	9	5	13	11	9	12	25	39	36	15	13	10	30	28	23	35	37	18	24	26	16	37	4	17	10	10	9	11	16	23	7	2	15	12	8	8	2	7	1	11	0	0	2	1	4	2
Sample111	20	21	44	23	21	17	24	22	27	21	26	65	59	47	49	57	55	34	69	55	50	46	61	40	33	406	67	61	67	68	17	82	41	73	54	17	40	62	72	49	45	33	21	56	40	79	43	67	53	50	55	57	97	52	108	85	22	39	51	8	66	64	39	112	65	78	31	54	71	119	73	42	69	42	26	44	29	42	35	45	24	68	109	21	40	72	40	47	44	54	44	56	53	58	51	37	44	50	34	53	18	63	46	36	44	16	29	47	87	39	70	83	50	26	51	19	26	39	43	31	40	51	77	54	46	15	16	79	28	8	73	9	38	53	59	40	22	40	29	30	79	34	63	53	48	21	47	35	46	50	59	139	36	44	65	39	33	38	83	85	46	18	73	19	44	49	35	60	13	54	33	65	80	56	23	21	81	59	63	51	18	28	66	30	66	36	52	55	58	54	46	62	20	43	16	73	5	11	25	32	51	9	32	36	67	104	23	70	20	21	20	31	10	18	61	75	32	53	39	17	78	52	13	13	17	20	94	48	67	22	25	24	25	26	19	17	9	33	9	16	43	36	19	12	21	25	14	25	26	76	65	22	19	19	48	40	43	55	66	40	70	69	46	56	16	42	17	26	7	18	22	44	5	6	30	21	15	12	16	19	21	22	3	5	4	13	3	2
Sample158	17	23	50	31	15	22	27	29	35	21	23	48	41	35	29	41	42	20	43	45	39	32	38	43	25	67	324	66	74	66	29	53	27	71	44	19	40	51	79	65	43	21	22	38	41	42	34	68	74	37	51	36	65	42	77	62	27	42	61	2	38	31	31	72	49	54	33	43	52	82	41	32	50	45	17	37	24	36	33	63	23	59	69	18	22	52	38	36	62	45	42	42	36	43	51	40	36	33	31	39	16	53	37	39	48	14	34	43	74	34	54	62	57	19	62	15	19	24	23	19	29	34	43	40	38	16	35	52	35	7	59	18	28	38	39	29	18	35	16	16	50	20	41	40	52	11	52	21	46	58	42	83	30	37	73	40	54	23	80	78	53	22	56	13	38	59	47	54	6	47	42	60	87	56	13	20	66	60	56	46	18	38	67	19	54	21	37	54	48	39	41	43	22	37	11	71	6	14	16	19	26	7	29	29	34	67	17	77	30	13	11	30	7	28	34	77	23	33	24	19	49	38	17	11	15	16	76	29	39	16	16	21	33	34	28	20	11	21	18	29	42	26	15	13	21	22	14	13	26	49	38	24	17	17	38	30	39	33	37	24	54	42	25	36	13	53	10	23	9	12	22	30	7	5	26	15	12	18	6	15	26	15	2	1	3	1	1	1
Sample146	18	18	40	23	9	21	26	25	24	12	19	33	37	20	23	35	30	14	40	25	31	23	29	42	22	61	66	274	70	51	29	42	28	49	41	15	34	37	67	48	43	9	17	31	37	45	29	52	68	23	50	36	56	34	77	59	23	26	58	7	33	25	21	58	44	47	43	42	46	72	45	26	37	43	16	25	17	26	25	50	16	51	68	12	22	46	32	26	50	43	31	31	35	33	31	25	25	27	28	31	13	43	23	38	50	13	29	42	71	24	33	58	46	18	53	13	15	17	17	14	18	32	37	27	27	11	30	55	27	8	45	19	21	27	28	22	12	18	13	13	45	17	32	27	44	10	40	10	41	47	35	78	17	35	62	44	44	22	67	74	40	21	51	13	38	50	45	53	6	35	29	46	61	36	15	18	56	47	45	39	17	31	40	21	46	17	32	45	38	28	29	30	15	30	13	66	8	18	15	17	23	11	17	23	39	58	16	71	28	13	15	28	6	22	26	70	18	29	17	17	49	31	13	13	4	14	56	27	28	14	17	21	26	31	28	24	14	20	18	23	29	20	11	12	20	20	11	14	20	42	33	23	14	18	23	26	27	22	25	20	46	30	28	28	15	44	12	17	10	10	19	18	6	4	20	15	15	18	6	9	27	19	1	4	1	1	2	1
Sample154	18	18	45	29	17	19	25	17	25	16	17	43	43	23	25	39	33	20	55	37	40	31	40	49	28	67	74	70	443	71	28	65	35	70	49	20	44	87	90	77	54	28	17	39	55	54	35	68	79	46	51	45	79	54	79	77	23	44	68	4	40	36	28	83	46	59	41	51	64	114	53	32	43	54	26	40	29	41	41	58	34	62	88	20	28	51	37	32	54	54	35	42	42	44	45	41	31	30	43	38	13	49	38	34	60	16	36	49	83	31	45	60	59	23	56	15	22	17	28	16	22	37	51	39	39	17	36	71	35	9	56	22	16	40	39	25	24	26	21	19	60	43	35	44	53	22	48	20	50	61	52	114	27	42	60	57	55	32	85	99	44	20	77	11	45	54	45	63	10	63	36	72	93	47	16	24	75	66	64	51	22	37	70	26	56	23	32	43	48	39	43	38	12	40	20	100	5	22	25	15	25	10	22	29	36	85	27	78	34	18	15	33	10	29	45	72	31	42	22	25	55	38	21	17	13	17	102	24	44	22	18	24	30	41	32	21	11	14	21	22	40	27	16	16	23	25	10	18	27	48	52	29	17	21	33	29	39	40	35	21	55	38	34	33	9	62	13	25	15	14	26	28	8	6	28	20	19	18	8	20	33	17	3	2	2	2	3	1
Sample152	22	23	44	28	18	28	36	30	39	23	21	79	51	47	38	54	47	27	58	43	44	43	52	41	33	68	66	51	71	428	28	66	40	83	59	17	45	110	81	69	56	26	25	55	42	51	29	59	57	46	61	61	52	54	66	65	24	45	81	6	92	47	35	72	59	54	41	50	65	111	54	39	52	66	25	42	31	42	35	58	30	61	81	19	40	53	37	40	52	55	42	53	46	52	45	46	48	40	52	42	19	73	49	36	61	16	35	43	61	35	65	61	53	24	61	19	26	31	36	28	32	51	54	47	34	20	29	54	34	11	52	16	30	45	53	37	21	35	23	24	54	27	47	49	50	17	39	39	47	55	62	81	33	47	53	52	40	32	71	72	38	25	75	12	49	61	44	57	10	70	51	67	82	53	22	26	63	59	57	47	25	37	56	25	58	27	37	48	60	41	46	51	22	44	13	67	10	23	22	24	45	10	37	39	48	64	21	77	28	15	20	44	10	25	53	74	24	33	32	20	57	41	22	12	13	20	76	31	47	23	22	25	24	34	29	25	15	28	20	20	47	42	17	16	20	29	10	18	27	60	48	23	16	21	37	39	42	46	48	29	70	50	47	47	16	44	16	22	13	12	24	35	6	5	33	21	20	17	21	20	28	23	2	5	4	5	3	2
Sample249	10	14	19	14	3	15	17	19	17	9	9	21	24	12	16	17	13	7	23	22	18	16	18	20	14	17	29	29	28	28	115	23	17	31	21	11	27	31	29	32	29	9	10	15	28	17	13	24	28	15	30	27	21	23	25	23	18	18	34	3	14	17	11	18	21	23	27	27	24	28	29	12	22	24	16	13	11	15	7	26	3	26	26	12	16	23	13	15	25	27	12	23	12	18	16	20	19	13	24	17	8	17	14	25	22	13	21	19	30	14	31	22	25	12	24	7	12	6	10	11	12	21	19	20	15	7	14	21	17	6	16	17	10	12	23	20	11	14	12	9	21	12	11	14	20	8	12	10	27	22	22	25	12	21	21	24	29	16	31	30	18	14	32	9	22	30	16	24	7	28	24	22	33	27	12	14	25	15	21	16	12	18	14	18	19	19	15	24	27	16	24	18	6	20	8	26	9	14	8	8	16	8	10	19	19	20	12	29	22	9	7	11	7	14	17	33	15	16	17	16	15	21	8	10	3	8	25	10	23	5	14	7	15	14	22	19	10	10	15	20	16	17	4	11	12	15	8	13	8	32	16	14	6	18	20	11	18	14	18	14	23	16	19	15	10	19	6	3	11	7	6	11	4	2	11	7	10	23	6	9	10	12	0	1	1	1	1	2
Sample109	14	16	38	14	12	12	18	12	15	15	18	71	61	50	47	69	54	42	60	58	41	43	81	34	36	82	53	42	65	66	23	438	46	82	51	23	37	60	66	48	41	36	15	53	41	53	59	60	59	45	65	56	86	51	85	90	24	45	43	9	66	48	37	84	75	114	40	52	71	92	73	53	69	38	32	44	41	47	52	53	44	61	96	18	39	65	42	42	42	53	49	67	65	52	63	41	48	40	48	41	19	73	53	31	45	10	36	41	79	45	76	79	45	22	48	27	30	34	79	22	40	56	79	54	40	16	24	74	26	6	70	11	30	53	54	36	32	33	27	24	74	37	55	52	45	26	44	33	40	51	60	107	36	40	68	31	36	34	70	68	49	18	71	16	33	47	28	47	11	46	41	68	72	55	22	23	71	61	50	46	19	32	62	28	55	28	41	39	50	43	50	54	13	41	18	70	2	11	27	24	64	9	26	36	67	81	19	68	22	18	22	33	9	18	62	47	31	54	35	21	60	47	21	13	31	20	85	30	57	20	20	23	31	30	23	17	7	19	12	12	46	32	14	13	18	27	15	17	32	72	52	20	16	21	40	41	35	58	54	35	75	57	43	51	13	32	16	26	9	15	25	38	5	5	43	21	13	11	13	21	18	17	4	4	3	3	1	1
Sample274	7	12	17	7	9	9	10	11	12	8	10	21	22	15	18	17	21	12	25	15	16	16	21	21	20	41	27	28	35	40	17	46	146	37	36	14	27	50	38	35	27	19	11	18	28	27	24	30	29	25	45	46	37	32	39	32	24	19	31	7	28	25	12	39	40	33	41	40	40	29	22	24	20	32	15	34	22	27	21	29	16	35	40	17	18	21	13	14	31	38	17	21	21	24	28	12	19	15	18	25	12	21	29	19	26	12	18	31	36	21	35	43	22	21	26	14	21	10	21	13	11	19	22	25	28	12	12	37	25	7	35	9	13	16	24	14	16	21	15	6	29	17	17	22	26	14	26	11	27	33	21	32	17	29	30	26	26	32	42	35	22	16	38	11	32	35	19	29	9	30	27	34	29	24	25	18	26	30	33	24	18	17	33	21	35	17	17	15	19	14	16	22	9	17	4	15	3	10	20	14	22	11	15	21	21	30	16	36	19	17	16	22	8	13	32	30	29	27	21	19	34	27	10	14	8	17	35	13	25	18	15	21	14	7	17	12	7	7	9	14	20	15	15	8	18	16	10	14	21	20	18	15	9	11	19	18	17	11	17	12	34	23	15	23	14	23	11	12	8	11	13	10	7	1	17	18	9	9	14	14	8	12	0	2	1	2	0	1
Sample196	51	76	154	112	81	69	126	106	109	86	101	176	159	183	112	137	127	101	171	129	114	116	153	39	59	73	71	49	70	83	31	82	37	1509	56	23	41	76	77	70	46	55	102	176	42	43	38	48	55	172	68	46	67	62	76	68	20	94	71	3	52	120	101	76	59	104	35	56	80	200	207	118	181	41	47	98	47	68	194	47	161	63	86	21	105	180	127	155	41	59	179	127	168	198	126	115	139	143	133	43	24	166	167	32	54	10	32	46	72	89	188	77	59	27	52	34	45	63	47	76	145	119	165	108	46	20	75	79	48	12	74	16	85	145	104	81	52	137	47	88	105	56	177	237	38	34	42	54	51	53	109	94	91	53	64	49	37	40	87	73	37	16	80	14	49	55	41	54	14	61	41	86	82	240	27	24	77	56	53	44	16	38	69	32	58	52	131	160	135	174	149	163	100	98	16	53	3	22	25	40	100	12	75	95	99	89	21	69	26	21	18	32	11	21	70	72	34	46	39	16	53	54	21	17	25	18	86	155	133	21	24	30	18	23	28	19	18	98	11	21	120	97	19	14	18	26	15	20	41	176	170	20	17	23	93	71	90	96	161	82	61	163	58	139	11	54	18	27	10	16	31	87	9	7	48	23	29	14	23	18	14	21	3	4	6	5	4	2
Sample135	17	14	27	20	15	10	19	15	17	13	16	35	36	29	26	42	34	16	49	36	31	27	36	36	25	54	44	41	49	59	21	51	36	56	150	15	40	59	55	39	41	24	15	31	39	36	30	58	41	31	49	49	43	50	52	46	26	33	45	8	42	40	26	43	61	45	34	46	55	58	45	31	39	43	20	32	16	27	28	55	20	64	48	13	30	48	33	29	45	46	38	36	32	36	38	34	31	27	37	35	16	38	35	34	51	18	21	37	60	32	43	50	41	22	51	16	18	23	28	23	27	38	37	34	32	15	20	50	26	7	52	12	20	37	35	29	13	23	17	17	55	21	31	31	51	12	33	23	34	44	38	52	25	36	40	31	31	28	56	52	32	21	59	15	35	51	28	45	10	45	39	55	47	35	21	19	44	38	51	52	18	25	37	21	57	23	25	34	45	28	30	32	17	35	18	54	11	21	20	20	33	7	25	28	29	51	17	59	23	13	16	34	7	21	56	54	22	40	26	19	48	37	18	10	9	21	50	23	35	18	22	23	17	32	21	17	12	18	15	18	33	28	14	11	17	28	9	17	18	42	37	22	16	18	25	30	29	33	30	21	46	36	38	37	16	30	14	22	8	8	22	27	6	6	21	18	17	17	11	16	22	23	2	2	3	3	2	1
Sample246	9	12	17	12	12	11	16	12	14	11	4	17	20	15	15	17	18	10	28	14	17	13	17	16	17	17	19	15	20	17	11	23	14	23	15	71	14	24	23	19	15	13	10	16	17	7	17	18	19	15	21	15	17	22	18	16	10	19	14	2	9	19	13	15	19	21	14	19	20	22	20	19	16	16	13	18	17	16	14	19	6	21	15	7	14	24	12	17	20	20	15	19	14	16	16	19	12	14	17	13	7	18	18	9	15	2	13	23	20	7	19	23	15	13	13	7	10	11	13	12	10	16	16	20	15	8	17	19	17	7	21	7	8	16	18	13	11	13	14	9	22	17	19	17	20	11	17	10	22	18	17	17	22	18	15	12	16	9	24	17	12	9	21	4	14	16	10	16	7	18	19	26	16	21	9	10	16	16	21	16	9	8	13	12	19	9	13	16	16	15	16	23	12	16	6	9	3	8	11	12	13	5	12	13	17	22	6	19	12	9	10	10	6	9	19	16	8	13	13	7	16	15	15	9	9	11	14	12	15	8	9	11	9	8	12	10	5	9	7	10	17	10	10	7	10	11	8	10	11	21	16	10	4	10	14	13	18	17	15	9	17	21	12	14	6	15	7	10	5	8	11	15	4	2	9	7	8	4	5	10	8	9	1	0	3	1	3	1
Sample234	6	4	19	11	9	7	12	5	9	3	12	18	26	19	22	25	21	9	32	25	27	21	25	34	19	40	40	34	44	45	27	37	27	41	40	14	142	38	43	39	38	16	11	27	33	32	25	44	34	23	40	25	41	31	40	36	16	27	42	4	30	27	13	32	37	32	29	41	44	44	30	23	22	35	24	30	21	33	25	40	13	37	49	20	18	28	13	22	41	34	19	27	22	25	32	19	27	16	26	29	15	28	27	23	32	9	16	34	39	19	30	46	37	26	42	14	18	13	20	15	15	29	27	24	28	19	12	42	18	8	42	11	23	19	33	18	14	20	19	8	45	25	23	20	34	14	31	11	30	39	46	38	23	38	43	25	25	26	47	42	24	20	39	12	43	41	24	41	12	34	25	48	44	28	15	26	38	42	38	37	17	25	35	19	45	23	22	23	30	24	27	24	12	24	14	31	5	15	21	12	23	10	18	23	27	45	20	41	22	13	18	26	5	19	31	47	21	26	22	13	36	28	16	13	6	18	46	16	25	20	17	26	9	24	16	20	5	9	10	15	27	19	19	18	17	16	11	15	20	28	26	17	18	20	34	25	26	23	23	12	29	27	15	23	4	28	14	19	11	13	22	15	10	4	16	19	13	11	13	16	16	17	1	2	1	4	1	2
Sample144	26	21	44	23	21	15	21	19	25	19	23	82	69	58	56	82	60	39	123	67	64	64	113	38	30	62	51	37	87	110	31	60	50	76	59	24	38	1906	111	143	87	32	21	57	62	80	36	68	67	54	78	133	41	166	85	74	31	62	145	7	70	82	57	70	106	83	52	55	80	109	92	47	102	281	21	37	32	33	35	51	28	66	75	18	46	78	66	43	57	173	56	68	58	60	48	76	66	46	109	49	17	85	63	34	86	17	46	44	80	36	124	66	103	26	47	18	26	66	64	35	62	91	99	97	62	17	37	73	44	27	62	19	24	50	118	79	19	36	27	52	206	32	53	52	48	21	35	96	53	55	102	88	55	52	42	53	52	35	107	104	75	21	92	13	94	53	27	55	13	540	59	75	136	71	19	22	62	45	46	63	22	27	50	28	60	89	40	73	87	61	133	93	18	51	11	73	10	25	24	54	95	10	42	38	92	72	19	68	30	16	20	29	10	25	259	74	19	69	49	27	53	100	18	14	25	23	68	33	111	22	24	25	39	26	34	16	10	41	17	22	59	43	18	11	25	34	26	21	19	148	68	25	12	14	60	29	78	90	118	82	77	127	219	87	21	47	11	21	14	17	23	60	5	6	30	20	16	19	13	23	12	20	3	3	4	5	4	2
Sample166	17	18	49	21	18	18	21	16	21	15	23	50	44	34	33	47	41	24	56	39	39	36	46	49	27	72	79	67	90	81	29	66	38	77	55	23	43	111	337	80	60	29	17	40	50	59	34	65	78	45	52	40	78	59	82	80	28	38	75	3	52	42	33	78	58	67	35	50	69	88	53	39	46	61	30	42	28	40	39	54	28	63	85	23	32	50	37	32	56	50	36	55	46	44	52	44	38	35	44	41	21	51	42	45	68	12	37	49	90	36	45	67	56	21	60	19	27	26	35	20	27	42	46	37	41	20	38	71	35	5	58	20	23	41	38	33	24	28	23	18	49	35	42	40	53	20	51	23	54	58	51	89	30	42	76	47	47	36	86	97	48	24	63	14	47	58	44	64	12	97	39	80	99	48	20	26	74	66	63	52	19	42	70	26	56	24	39	47	51	42	45	45	19	39	14	71	6	22	25	17	34	9	31	30	37	78	22	81	34	20	21	32	10	27	55	74	30	45	33	24	57	47	20	18	16	18	81	28	40	19	24	25	30	27	25	25	14	18	21	23	45	30	17	14	22	26	11	21	32	51	45	25	18	24	35	32	37	41	40	25	57	41	31	41	13	43	16	27	10	15	26	37	6	6	29	25	19	19	14	21	29	20	2	3	3	3	1	2
Sample129	16	15	50	24	15	18	23	23	25	16	22	42	42	27	26	31	33	19	47	35	31	27	36	43	30	49	65	48	77	69	32	48	35	70	39	19	39	143	80	474	77	30	23	34	49	59	29	52	74	39	47	38	53	51	43	46	32	45	82	4	36	35	22	50	37	40	48	62	60	62	36	33	38	96	29	46	35	45	32	49	25	61	58	14	23	37	25	29	56	48	30	33	32	39	44	33	35	31	35	36	21	32	51	39	54	19	43	67	65	27	44	50	55	22	56	22	33	20	21	18	19	31	46	30	39	16	43	50	36	10	46	23	22	30	34	30	23	31	27	15	44	36	38	38	47	24	33	26	70	64	57	47	36	58	45	91	121	44	77	61	50	22	60	14	98	53	46	85	14	111	42	59	85	51	17	34	51	42	90	37	21	35	51	28	43	21	29	51	46	33	41	35	17	38	11	37	7	27	23	15	28	10	28	28	34	53	21	57	37	18	19	28	8	26	49	68	25	28	19	22	43	34	15	19	14	18	58	19	39	16	21	26	34	20	34	21	10	10	20	22	41	27	18	12	19	26	9	18	33	39	27	27	17	22	39	29	31	27	32	20	39	35	22	37	7	113	13	19	15	17	22	25	7	3	26	22	15	26	11	19	21	18	0	1	4	4	2	1
Sample141	8	15	30	20	11	23	27	18	23	13	10	26	26	15	20	28	26	11	36	24	22	21	26	39	27	45	43	43	54	56	29	41	27	46	41	15	38	87	60	77	281	23	16	19	51	38	28	49	46	21	47	50	48	41	41	46	24	29	55	3	34	23	16	35	34	39	33	68	50	43	29	22	24	65	20	33	23	31	27	49	16	48	40	25	18	30	20	20	47	56	19	23	25	35	32	30	24	16	33	46	12	26	35	47	49	22	30	63	52	19	33	47	41	26	47	15	15	10	22	12	18	31	36	24	34	14	26	37	34	6	41	22	12	25	24	15	18	22	16	12	42	25	22	26	42	15	36	14	63	46	37	42	18	53	37	58	68	22	59	52	38	29	52	13	62	44	40	69	9	71	33	53	59	30	13	37	42	42	76	46	15	29	37	34	42	21	18	26	38	23	30	28	7	24	13	34	6	16	19	7	19	7	17	17	34	43	20	53	30	20	14	32	10	31	41	52	21	31	35	29	33	37	13	14	14	16	39	14	28	18	20	24	25	22	25	29	7	7	23	28	29	21	15	15	21	24	8	16	21	35	27	27	18	26	22	20	24	24	23	12	38	25	25	22	7	57	13	18	10	11	18	20	6	4	14	14	16	16	6	18	16	13	2	1	1	2	0	1
Sample206	9	14	26	15	25	12	21	16	21	16	16	30	29	24	21	27	29	21	27	31	25	34	23	11	47	33	21	9	28	26	9	36	19	55	24	13	16	32	29	30	23	142	19	29	26	14	23	25	24	22	27	21	19	27	22	24	12	22	23	2	19	29	13	18	26	19	20	24	30	30	34	30	25	20	41	49	32	44	31	22	32	30	33	9	25	31	22	27	25	29	26	26	35	41	37	18	32	25	23	24	17	22	32	10	22	9	21	25	28	14	38	28	27	13	24	35	41	14	21	16	14	24	36	26	24	11	13	23	16	3	30	10	18	33	24	25	42	38	38	18	38	50	37	40	18	36	21	18	23	24	35	27	30	29	20	17	22	15	29	20	16	10	37	8	19	26	11	27	12	29	21	38	24	35	14	12	25	23	30	24	10	11	28	18	23	13	23	24	28	33	28	26	18	26	4	16	1	7	16	13	24	5	18	24	25	27	11	30	19	11	8	15	9	9	30	22	12	21	18	9	19	22	9	10	24	9	23	25	25	13	14	19	12	7	13	7	2	9	11	12	32	17	12	6	11	14	10	14	31	24	28	15	14	8	33	28	21	24	29	13	21	26	16	28	3	14	10	14	6	11	14	23	6	2	14	16	14	7	8	13	5	8	2	1	4	4	2	0
